3.31733
1.77981
1.32656
1.10631
0.957302
0.880164
0.847894
0.808349
0.755492
0.715917
0.711075
0.687498
0.660424
0.639066
0.635786
0.61048
0.599184
0.592302
0.582369
0.575793
0.582003
0.567204
0.554094
0.53365
0.515053
0.501735
0.502932
0.491856
0.487059
0.4876
0.475439
0.4756
0.48808
0.498774
0.480289
0.459324
0.463187
0.463504
0.456532
0.45369
0.431195
0.423641
0.416501
0.422825
0.420887
0.405055
0.40623
0.412917
0.407609
0.407116
0.411903
0.409148
0.413042
0.406732
0.395785
0.397645
0.39598
0.397008
0.386224
0.382676
0.398747
0.384415
0.379213
0.381364
0.381394
0.372279
0.381266
0.370986
0.366309
0.355815
0.352013
0.352692
0.3564
0.350886
0.3458
0.338762
0.338975
0.344725
0.344022
0.340051
0.340636
0.339697
0.333764
0.344122
0.338636
0.331082
0.32347
0.319771
0.319224
0.313547
0.313692
0.312187
0.314623
0.321049
0.323011
0.322566
0.320736
0.317066
0.315189
0.313515
0.306413
0.305413
0.298313
0.299369
0.296475
0.304173
0.300737
0.290191
0.293138
0.294816
0.307863
0.315754
0.316169
0.316355
0.303145
0.303869
0.303349
0.312723
0.309367
0.303707
0.298673
0.308253
0.313339
0.301419
0.296968
0.287674
0.284859
0.285283
0.296746
0.295795
0.299277
0.29091
0.287981
0.284369
0.284094
0.281113
0.279198
0.280642
0.282062
0.287744
0.294742
0.295054
0.285707
0.285499
0.280108
0.270055
0.272272
0.276254
0.275773
0.275722
0.277437
0.27698
0.272455
0.278369
0.279886
0.279968
0.278259
0.271282
0.272167
0.270054
0.264535
0.268706
0.270901
0.2651
0.27623
0.274921
0.27023
0.277358
0.271871
0.271494
0.264015
0.265785
0.259635
0.263434
0.268879
0.269485
0.256437
0.251673
0.250033
0.253347
0.257024
0.259992
0.270192
0.265547
0.262333
0.255563
0.252627
0.255875
0.254879
0.259079
0.26015
0.25837
0.251162
0.250399
0.25844
0.248348
0.2443
0.247502
0.25076
0.242423
0.238782
0.234683
0.235457
0.234609
0.234645
0.238925
0.23214
0.237223
0.244505
0.249861
0.249583
0.253951
0.257156
0.259062
0.259542
0.25982
0.258733
0.254572
0.271062
0.268478
0.267775
0.260798
0.254327
0.243564
0.239232
0.244836
0.238589
0.237533
0.237206
0.237119
0.2412
0.239278
0.235109
0.238348
0.238635
0.231202
0.233002
0.240737
0.239944
0.23998
0.238303
0.238152
0.238476
0.239426
0.235628
0.230961
0.221314
0.22407
0.225647
0.225521
0.224725
0.224381
0.22235
0.225462
0.229658
0.230219
0.227131
0.221231
0.224546
0.231879
0.232811
0.236307
0.22948
0.226334
0.218315
0.214768
0.217193
0.218952
0.216353
0.216331
0.209149
0.207994
0.206301
0.209182
0.205907
0.205204
0.208696
0.204219
0.203816
0.208706
0.205364
0.201698
0.203099
0.211468
0.209045
0.214154
0.206957
0.208941
0.207758
0.209894
0.212029
0.212123
0.219017
0.216978
0.213849
0.221507
0.221051
0.221179
0.222148
0.220514
0.22343
0.227746
0.22213
0.221747
0.220583
0.218033
0.228989
0.232071
0.224815
0.216327
0.217085
0.210981
0.207564
0.209378
0.210539
0.209375
0.204762
0.208
0.206446
0.205234
0.203031
0.208433
0.206603
0.20502
0.205579
0.201626
0.202213
0.212531
0.212072
0.2066
0.204139
0.199105
0.195898
0.196838
0.201185
0.199581
0.200536
0.201053
0.199845
0.200575
0.198406
0.202732
0.205273
0.203628
0.204635
0.207976
0.20439
0.203793
0.205838
0.208484
0.211861
0.211811
0.21528
0.211777
0.215024
0.208418
0.210037
0.207419
0.207765
0.211318
0.208888
0.212134
0.21645
0.21975
0.212367
0.211412
0.20369
0.201456
0.199678
0.202707
0.205705
0.203971
0.205523
0.20478
0.208046
0.203938
0.203633
0.205704
0.205072
0.205222
0.203109
0.203444
0.203914
0.202398
0.19688
0.198589
0.19901
0.197201
0.198534
0.198022
0.197573
0.204654
0.207899
0.207298
0.208289
0.211452
0.21098
0.208066
0.211446
0.209826
0.210138
0.206888
0.209835
0.211357
0.217451
0.217238
0.21679
0.223308
0.223356
0.219812
0.217189
0.215861
0.218225
0.217144
0.218755
0.219193
0.215496
0.216184
0.216353
0.215124
0.213344
0.212438
0.213573
0.203945
0.199897
0.200339
0.199577
0.199998
0.198425
0.195734
0.19468
0.197741
0.203213
0.200349
0.198431
0.198691
0.19614
0.190703
0.188318
0.190131
0.190858
0.192063
0.189158
0.190146
0.189998
0.188863
0.186407
0.185883
0.185597
0.18141
0.181218
0.178275
0.176199
0.172945
0.172093
0.170981
0.170922
0.171723
0.172768
0.178937
0.177416
0.177396
0.174858
0.178806
0.177866
0.175993
0.176402
0.177641
0.176219
0.174742
0.173258
0.170858
0.171098
0.171066
0.17076
0.17057
0.171908
0.18467
0.196665
0.196085
0.198645
0.194733
0.192587
0.191917
0.192977
0.192554
0.190277
0.185291
0.187159
0.18653
0.185088
0.185587
0.186804
0.193426
0.191145
0.181234
0.177611
0.174236
0.173076
0.174249
0.17463
0.174404
0.173573
0.174652
0.176333
0.184909
0.193033
0.18611
0.18061
0.178796
0.18156
0.182459
0.180341
0.177801
0.1788
0.179293
0.177969
0.173667
0.17534
0.178284
0.17958
0.183341
0.183962
0.17899
0.177476
0.175948
0.176849
0.175717
0.172951
0.175529
0.173472
0.172851
0.170626
0.16688
0.166114
0.165244
0.170557
0.16932
0.171121
0.170897
0.166834
0.165482
0.164235
0.166868
0.168055
0.168161
0.168742
0.167737
0.166829
0.16603
0.16284
0.162492
0.168466
0.166485
0.164587
0.165029
0.162664
0.163701
0.16878
0.165043
0.163911
0.161535
0.163358
0.164362
0.163641
0.16404
0.16297
0.163618
0.1626
0.161965
0.160799
0.160963
0.162024
0.162078
0.159122
0.159358
0.158317
0.158122
0.159933
0.158728
0.156784
0.155175
0.160606
0.159823
0.159064
0.161722
0.162273
0.161315
0.161788
0.160554
0.158881
0.161522
0.158614
0.157714
0.15749
0.158419
0.156415
0.154597
0.152826
0.153712
0.153456
0.153332
0.156121
0.154071
0.154137
0.153454
0.152521
0.151829
0.150998
0.151986
0.151315
0.15115
0.149805
0.149532
0.149647
0.152024
0.153783
0.15375
0.155229
0.157011
0.154566
0.158007
0.158179
0.156068
0.156568
0.154095
0.156288
0.160038
0.160881
0.161565
0.166068
0.164106
0.164331
0.16358
0.162732
0.162182
0.161346
0.160924
0.160344
0.16244
0.162715
0.160983
0.161314
0.162413
0.165196
0.161961
0.161589
0.162554
0.162464
0.167233
0.165934
0.165449
0.163174
0.165628
0.164917
0.162981
0.161899
0.161386
0.162073
0.167569
0.165894
0.15947
0.156942
0.15729
0.155832
0.159654
0.156429
0.158568
0.162675
0.160404
0.160231
0.158581
0.15934
0.158699
0.158498
0.157539
0.156987
0.156353
0.159726
0.160022
0.159125
0.159213
0.15844
0.158086
0.158259
0.15785
0.156714
0.158952
0.160103
0.16036
0.159746
0.160091
0.160178
0.158311
0.15843
0.158594
0.157037
0.157738
0.156556
0.156916
0.158638
0.168896
0.166929
0.166099
0.165633
0.167569
0.168156
0.166932
0.166618
0.165771
0.165036
0.162965
0.162875
0.16148
0.161132
0.161235
0.162626
0.165042
0.164506
0.164815
0.164561
0.161362
0.162742
0.162852
0.16315
0.172389
0.173751
0.177538
0.18183
0.182135
0.187371
0.186557
0.18316
0.184144
0.183479
0.184605
0.179432
0.177174
0.178115
0.175091
0.173943
0.175683
0.176475
0.179294
0.17919
0.176844
0.175255
0.175977
0.172427
0.169966
0.172049
0.168284
0.172981
0.172727
0.173467
0.17085
0.168442
0.171429
0.170816
0.169666
0.168274
0.167702
0.167406
0.1698
0.167523
0.166477
0.165111
0.167496
0.165345
0.164044
0.164426
0.163772
0.163948
0.164755
0.165493
0.164695
0.164247
0.163365
0.163034
0.163617
0.163661
0.161416
0.160179
0.160365
0.161852
0.164827
0.170296
0.172006
0.166346
0.173825
0.175466
0.170106
0.165651
0.166913
0.168099
0.169361
0.169182
0.170136
0.172648
0.173227
0.173633
0.175356
0.177136
0.175875
0.173913
0.17156
0.182599
0.178659
0.177781
0.176522
0.17274
0.171738
0.173595
0.183135
0.176304
0.177449
0.184364
0.181831
0.183497
0.18288
0.181369
0.183801
0.192686
0.199283
0.19844
0.196482
0.200063
0.196772
0.193766
0.190261
0.190114
0.189745
0.187298
0.19039
0.188357
0.187065
0.187471
0.18253
0.179186
0.180486
0.179531
0.176153
0.174663
0.174315
0.177286
0.180599
0.182053
0.178864
0.178216
0.180633
0.178235
0.178613
0.177886
0.177452
0.180925
0.180392
0.178978
0.183729
0.189987
0.19661
0.194122
0.192225
0.190171
0.185913
0.190198
0.192864
0.191683
0.191648
0.191453
0.189586
0.189283
0.186243
0.183022
0.182831
0.180932
0.180175
0.179306
0.178718
0.178228
0.176233
0.177483
0.177256
0.180271
0.181686
0.182257
0.1829
0.181997
0.18132
0.182158
0.180075
0.178354
0.177676
0.180144
0.174729
0.171351
0.172499
0.169635
0.172387
0.174296
0.169617
0.167895
0.168277
0.169861
0.170695
0.169753
0.172048
0.176906
0.177075
0.177202
0.176883
0.174905
0.172696
0.172105
0.172241
0.173674
0.17532
0.176439
0.175395
0.172276
0.171747
0.170709
0.169837
0.172891
0.172622
0.171954
0.172772
0.173169
0.172289
0.175259
0.173412
0.169332
0.174352
0.174991
0.175888
0.17892
0.179272
0.187049
0.178202
0.177694
0.179673
0.182575
0.181363
0.183857
0.179214
0.180501
0.187042
0.185606
0.188554
0.196237
0.19152
0.18498
0.182534
0.18226
0.187757
0.18678
0.191021
0.189786
0.187775
0.183271
0.198106
0.196671
0.205849
0.200424
0.200019
0.201163
0.198731
0.199638
0.199988
0.198996
0.199465
0.197052
0.202886
0.201652
0.200909
0.200542
0.200669
0.198893
0.197977
0.202292
0.203618
0.201591
0.200963
0.199986
0.198766
0.200157
0.197468
0.196181
0.194625
0.195005
0.195245
0.196095
0.194372
0.196067
0.194329
0.194027
0.193142
0.192137
0.189183
0.190902
0.190409
